82161
82002
81989
81981
81941
81803
81767
81708
81648
81637
81539
81512
81486
81443
81439
81409
81335
81169
81134
80911
80847
80843
80782
80762
80741
80699
80694
80618
80585
80515
80406
80374
80334
80237
80215
80137
80116
80088
80069
80002
79939
79735
79715
79683
79677
79646
79643
79637
79634
79554
79542
79496
79472
79462
79443
79434
79273
79214
79211
79140
79126
79067
78968
78948
78903
78879
78793
78736
78730
78698
78600
78563
78550
78450
78305
78263
78206
78153
78090
77994
77908
77818
77753
77657
77620
77507
77469
77433
77391
77295
77243
77135
77051
76966
76944
76917
76901
76883
76719
76680
76623
76610
76459
76419
76309
76293
76276
76259
76209
76192
76154
76141
76128
76062
76030
76024
75975
75946
75924
75917
75891
75880
75876
75774
75769
75730
75700
75670
75587
75521
75480
75447
75434
75416
75406
75364
75362
75349
75343
75303
75250
75250
75136
74902
74777
74769
74628
74422
74367
74318
74286
74275
74247
74233
74201
74170
74136
74086
74039
73950
73777
73718
73434
73411
73370
73237
73128
73105
73088
72923
72843
72768
72731
72607
72606
72448
72434
72428
72291
72259
72175
72115
71935
71912
71777
71652
71606
71576
71434
71428
71401
71389
71359
71325
71195
71122
71101
71094
71073
71036
70993
70991
70976
70960
70890
70867
70841
70803
70749
70744
70729
70680
70676
70635
70625
70558
70516
70487
70456
70411
70387
70348
70265
70257
70210
70131
70129
70072
70034
69883
69859
69818
69743
69560
69504
69499
69484
69450
69183
69157
69123
69066
69012
69004
68971
68931
68854
68599
68405
68402
68289
68228
68180
68030
68023
67997
67977
67954
67950
67913
67873
67859
67822
67820
67819
67729
67600
67560
67464
67288
67282
67272
67235
67112
66975
66921
66907
66852
66846
66800
66786
66769
66765
66729
66680
66613
66575
66468
66440
66401
66346
66243
66155
66085
66050
65998
65877
65715
65706
65688
65662
65622
65513
65371
65191
65164
65140
65114
65083
64768
64758
64695
64692
64683
64674
64578
64496
64484
64354
64328
64241
64160
64135
63924
63804
63732
63656
63596
63562
63556
63545
63542
63499
63497
63481
63356
63310
63286
63281
63274
63200
63184
63132
63084
62938
62878
62843
62825
62790
62715
62713
62703
62644
62641
62620
62481
62420
62288
62261
62088
62065
61993
61865
61712
61602
61590
61526
61343
61265
61259
61206
61135
61114
60980
60964
60838
60814
60735
60703
60674
60598
60594
60586
60555
60529
60465
60433
60408
60364
60342
60327
60255
60230
59995
59974
59971
59843
59637
59601
59596
59539
59446
59428
59301
59296
59201
59160
59158
59139
59061
59034
59016
58870
58865
58790
58744
58712
58649
58541
58480
58408
58098
58093
58087
58058
58002
57982
57977
57962
57946
57914
57883
57875
57840
57834
57815
57789
57673
57515
57508
57436
57413
57381
57314
57291
57257
57245
57182
57156
57133
57129
57113
57055
57009
56973
56932
56892
56864
56746
56736
56695
56649
56646
56588
56580
56572
56554
56502
56288
56246
56119
56033
56026
56012
55993
55952
55896
55811
55810
55706
55685
55558
55538
55482
55463
55455
55452
55265
55221
55191
55047
54988
54919
54902
54895
54807
54727
54668
54632
54491
54321
54281
54273
54250
54217
54176
54141
54009
54003
53943
53903
53586
53575
53527
53482
53451
53440
53438
53422
53373
53364
53336
53286
53226
53195
53179
53141
53105
53068
53031
53003
52950
52949
52942
52916
52912
52884
52881
52792
52768
52725
52703
52535
52438
52378
52364
52334
52282
52179
52156
52094
52034
52021
51917
51871
51854
51822
51804
51803
51768
51755
51737
51684
51666
51631
51623
51548
51546
51523
51469
51452
51436
51353
51192
51120
50938
50892
50871
50757
50751
50685
50683
50678
50587
50502
50475
50464
50452
50408
50403
50397
50359
50348
50342
50098
50029
49943
49929
49913
49869
49868
49822
49802
49785
49391
49385
49376
49359
49277
49195
49109
49000
48974
48947
48942
48876
48844
48804
48797
48755
48702
48554
48409
48330
48319
48316
48292
48291
48225
48206
48175
48127
48071
48017
48002
47992
47958
47844
47826
47820
47760
47724
47677
47673
47672
47652
47503
47446
47432
47248
47145
47142
47123
47036
46969
46944
46888
46860
46679
46544
46507
46400
46327
46323
46252
46224
46087
45988
45651
45533
45440
45395
45223
45220
45202
45098
45097
45009
44979
44963
44933
44927
44794
44785
44703
44661
44622
44596
44522
44479
44478
44432
44353
44239
44207
44171
44066
44014
43967
43931
43922
43837
43823
43767
43691
43607
43590
43528
43481
43476
43332
43329
43243
43187
43151
43032
43009
42984
42982
42922
42847
42597
42580
42510
42496
42425
42415
42328
42312
42310
42271
42256
42215
42171
42139
42038
42035
41971
41951
41935
41825
41650
41642
41637
41622
41586
41488
41479
41472
41459
41420
41412
41299
41282
41171
41103
41066
41011
40961
40839
40827
40748
40623
40548
40439
40351
40031
39932
39887
39874
39805
39765
39757
39693
39655
39609
39601
39470
39376
39361
39352
39295
39285
39244
39232
39183
39138
39105
39013
38836
38802
38750
38730
38720
38701
38693
38600
38587
38506
38473
38462
38458
38453
38425
38363
38313
38308
38250
38193
38077
37994
37981
37925
37871
37837
37803
37764
37684
37590
37588
37550
37542
37532
37526
37514
37492
37462
37389
37374
37084
37078
37037
37034
37003
36996
36938
36924
36907
36894
36873
36806
36799
36706
36705
36702
36666
36632
36625
36495
36494
36490
36401
36389
36353
36134
36100
36022
35998
35944
35871
35868
35814
35784
35731
35654
35564
35535
35438
35417
35251
35234
35179
35082
35068
35018
34984
34850
34842
34834
34830
34775
34749
34747
34729
34657
34548
34506
34505
34377
34339
34196
34178
33974
33887
33857
33817
33807
33788
33778
33718
33709
33584
33581
33471
33454
33412
33358
33308
33239
33223
33220
33205
33182
33076
32955
32928
32857
32849
32826
32741
32694
32676
32588
32480
32454
32419
32362
32280
32259
32217
32120
32105
32094
32017
32009
31865
31826
31683
31638
31634
31569
31548
31520
31503
31374
31362
31360
31174
31158
31137
31112
31107
31094
31072
30986
30981
30896
30858
30825
30811
30783
30741
30546
30517
30469
30419
30395
30292
30228
30071
30026
29985
29974
29904
29864
29833
29764
29691
29595
29588
29557
29554
29424
29364
29329
29321
29301
29182
29148
29135
29095
28995
28891
28886
28675
28576
28548
28471
28324
28292
28288
28285
28270
28260
28231
28059
27900
27799
27790
27776
27656
27639
27547
27540
27523
27445
27422
27343
27269
27200
27145
27121
27110
27100
27037
26949
26866
26726
26634
26605
26557
26543
26514
26413
26351
26287
26280
26255
26250
26238
26218
26047
25980
25969
25963
25956
25918
25883
25813
25716
25696
25359
25348
25347
25314
25284
25130
25111
25078
24961
24903
24863
24757
24741
24731
24602
24574
24568
24450
24383
24337
24329
24265
24254
24185
24060
24038
24020
24019
23995
23917
23823
23518
23457
23440
23302
23288
23128
23066
23047
23035
23026
23018
22988
22728
22688
22680
22631
22585
22558
22522
22470
22467
22386
22375
22348
22185
22152
22135
22105
22080
21981
21968
21926
21838
21811
21685
21482
21449
21416
21403
21334
21326
21067
21055
21042
21029
20949
20939
20887
20820
20783
20634
20572
20558
20522
20470
20422
20417
20411
20400
20315
20197
20107
20072
19986
19889
19860
19807
19615
19605
19526
19495
19493
19468
19387
19301
19284
19276
19224
19197
19021
18982
18960
18900
18839
18806
18751
18687
18637
18613
18578
18534
18484
18458
18444
18391
18349
18289
18224
18207
18155
18088
18075
18045
17818
17768
17697
17671
17627
17601
17531
17504
17495
17467
17385
17326
17266
17184
17182
17177
17129
17059
17054
17033
16786
16772
16737
16689
16599
16572
16570
16559
16457
16421
16296
16295
15997
15976
15921
15862
15842
15780
15395
15384
15353
15348
15315
15305
15302
15294
15268
15265
15116
15115
15065
14991
14946
14886
14855
14797
14734
14724
14665
14602
14584
14558
14468
14425
14359
14277
14177
14104
14047
13939
13901
13877
13869
13601
13593
13568
13425
13361
13326
13322
13288
13231
13120
13040
13015
12956
12908
12751
12738
12705
12678
12485
12471
12424
12420
12237
12235
12183
12153
12150
12148
12124
12068
11987
11923
11887
11867
11783
11779
11756
11707
11680
11665
11547
11511
11509
11498
11433
11353
11318
11182
11160
11146
11140
11109
11048
10992
10925
10734
10733
10731
10693
10561
10558
10489
10479
10440
10423
10391
10333
10302
10291
10267
10246
10244
10218
10152
10021
10008
9896
9833
9699
9687
9598
9577
9542
9541
9511
9458
9435
9254
9007
8885
8884
8835
8780
8653
8563
8530
8526
8507
8496
8431
8207
8204
8175
8016
7997
7976
7912
7893
7812
7773
7737
7692
7602
7596
7585
7563
7453
7429
7366
7322
7149
7124
6914
6778
6737
6632
6585
6482
6420
6374
6329
6251
6208
6181
6159
6134
6127
6115
5853
5644
5634
5567
5487
5388
5338
5293
5254
5211
5031
5025
4999
4989
4932
4890
4797
4732
4717
4636
4484
4397
4384
4377
4326
4143
4063
4026
3996
3985
3983
3883
3875
3827
3791
3779
3748
3634
3628
3564
3539
3475
3421
3351
3339
3322
3267
3232
3083
3074
2936
2835
2730
2722
2636
2625
2586
2387
2370
2365
2343
2301
2246
2226
2186
2151
2150
2073
2028
1979
1891
1776
1775
1769
1720
1631
1426
1367
1360
1335
1222
1146
1020
1005
967
937
891
816
781
678
639
623
555
532
514
491
462
422
401
346
327
292
236
125
